0,434
0,433
0,432
0,431
0,430
0,429
0,428
0,427
0,426
0,425
0,424
0,423
0,422
0,421
0,420
0,419
0,418
0,417
43,5
43,4
43,3
43,2
0,416
43,1
43,0
0,415
0,414
0,413
0,412
0,411
0,410
0,409
0,408
0,407
0,406
0,405
0,404
0,403
0,402
0,401
0,400
0,399
42,5
42,4
42,3
42,2
0,398
42,1
42,0
0,397
0,396
41,5
41,4
41,3
41,2
41,1
41,0
0,395
0,394
0,393
0,392
0,391
0,390
0,389
0,388
0,387
0,386
40,5
40,4
40,3
40,2
40,1
40,0
0,278
0,385
0,384
0,319
0,318
0,317
0,316
0,273
0,270
39,4
39,3
39,2
39,1
39,0
38,3
38,2
38,1
38,0
37,5
37,4
37,3
37,2
37,1
37,0
36,5
36,4
36,3
36,2
36,1
